EwEVersion,"6.6.8.18072 (compiled 11/4/2022)"
Date,"10/17/2023 10:05:33 AM"
ModelName,"NWACS AM 7ages"
EcosimScenario,forcing_pdsi_egg_amo1
TimeSeries,"copyUpdated NWACS MICE 5 v2-1-6-Time series grid"
StartYear,1985

Data,"Prey of menhaden 1"

timestep\group,zooplankton,phytoplankton,Detritus,
1,0.5779762,0.1887429,0.233281
2,0.5923442,0.1665705,0.2410854
3,0.6026044,0.147122,0.2502736
4,0.6198668,0.1158573,0.2642758
5,0.535,0.2135989,0.2514011
6,0.4424481,0.3180988,0.2394531
7,0.3806397,0.3946892,0.2246711
8,0.4064752,0.3726085,0.2209164
9,0.4573206,0.3229634,0.219716
10,0.4971029,0.2840648,0.2188324
11,0.5117097,0.2752456,0.2130447
12,0.5583218,0.2213089,0.2203692
13,0.5741096,0.2035046,0.2223859
14,0.575841,0.2013129,0.2228461
15,0.5794543,0.1945818,0.2259639
16,0.5871105,0.1807594,0.23213
17,0.5953488,0.1642183,0.2404328
18,0.5566834,0.2054774,0.2378392
19,0.5107437,0.2551988,0.2340575
20,0.4761335,0.2935357,0.2303308
21,0.4897342,0.2728808,0.2373849
22,0.5005855,0.2570156,0.2423989
23,0.4822502,0.2808312,0.2369187
24,0.4490866,0.3282424,0.2226709
25,0.4615456,0.3217281,0.2167262
26,0.505621,0.2738833,0.2204958
27,0.5279809,0.2513342,0.220685
28,0.5231885,0.2628081,0.2140034
29,0.56078,0.2180462,0.2211739
30,0.5793261,0.1948858,0.2257881
31,0.5963068,0.1713738,0.2323194
32,0.6073142,0.1528941,0.2397917
33,0.5717034,0.1908396,0.237457
34,0.5322933,0.2313775,0.2363293
35,0.5073186,0.253977,0.2387043
36,0.4936707,0.2641302,0.242199
37,0.4846496,0.2703615,0.2449888
38,0.4643501,0.2940557,0.2415942
39,0.4683584,0.2872475,0.244394
40,0.4758886,0.2764134,0.247698
41,0.4698825,0.2841249,0.2459926
42,0.4852399,0.2622634,0.2524967
43,0.4296717,0.3381034,0.2322249
44,0.4597438,0.3014385,0.2388176
45,0.482175,0.2746396,0.2431854
46,0.4942561,0.2601856,0.2455582
47,0.4584224,0.3100707,0.2315069
48,0.4897606,0.2709084,0.239331
49,0.5125712,0.2409754,0.2464535
50,0.4893976,0.2710984,0.2395039
51,0.4757156,0.2888515,0.2354329
52,0.4504514,0.3252468,0.2243018
53,0.4540599,0.3297236,0.2162165
54,0.4784697,0.3106416,0.2108888
55,0.5044159,0.2890179,0.2065662
56,0.527767,0.2686371,0.2035959
57,0.5458018,0.2528878,0.2013104
58,0.5550725,0.2466526,0.1982749
59,0.5677903,0.2348931,0.1973166
60,0.5890434,0.2111381,0.1998185
61,0.5976509,0.2018996,0.2004495
62,0.6027225,0.1960388,0.2012387
63,0.6095206,0.1871117,0.2033677
64,0.6058578,0.1902717,0.2038705
65,0.5899836,0.2080624,0.201954
66,0.5955846,0.1993297,0.2050857
67,0.5957848,0.1971259,0.2070893
68,0.5860114,0.2071918,0.2067968
69,0.5864697,0.2045384,0.2089919
70,0.5713563,0.2215256,0.2071181
71,0.5853915,0.2023007,0.2123079
72,0.5815198,0.2051498,0.2133304
73,0.5834398,0.2003306,0.2162296
74,0.5923881,0.1858004,0.2218116
75,0.5799062,0.1972928,0.222801
76,0.5758186,0.1973201,0.2268613
77,0.5739406,0.193634,0.2324254
78,0.5749259,0.1851483,0.2399258
79,0.5702736,0.182456,0.2472704
80,0.5083721,0.2534205,0.2382074
81,0.4631276,0.3056966,0.2311758
82,0.4775019,0.2849152,0.237583
83,0.4888872,0.2700568,0.2410561
84,0.4894821,0.2701308,0.2403872
85,0.4964977,0.2613147,0.2421877
86,0.5031103,0.2519321,0.2449576
87,0.4957579,0.26034,0.2439021
88,0.4949097,0.2594889,0.2456014
89,0.493097,0.2593431,0.2475599
90,0.4488974,0.3178537,0.2332488
91,0.4390043,0.3365663,0.2244294
92,0.4578375,0.3231013,0.2190613
93,0.487242,0.2966585,0.2160996
94,0.5165066,0.2680959,0.2153974
95,0.5314242,0.255814,0.2127618
96,0.5387095,0.2519175,0.2093729
97,0.5528859,0.2379784,0.2091357
98,0.5625086,0.2285326,0.2089587
99,0.5567886,0.2378394,0.205372
100,0.5581329,0.2382615,0.2036057
101,0.5958642,0.1919113,0.2122245
102,0.6158311,0.1662361,0.2179328
103,0.6299444,0.1460787,0.2239769
104,0.6422291,0.1259612,0.2318098
105,0.6047581,0.1650014,0.2302406
106,0.5639195,0.2055376,0.2305429
107,0.516479,0.2553186,0.2282024
108,0.4728187,0.3059264,0.2212549
109,0.4707946,0.3111865,0.2180189
110,0.4913141,0.2918655,0.2168203
111,0.501084,0.2878588,0.2110573
112,0.5513411,0.2293127,0.2193462
113,0.5715614,0.2060266,0.222412
114,0.5831994,0.1913503,0.2254503
115,0.5752527,0.1992787,0.2254686
116,0.5498496,0.2280408,0.2221096
117,0.5363947,0.241951,0.2216542
118,0.5485106,0.2236754,0.227814
119,0.5509509,0.2173655,0.2316836
120,0.5460166,0.2198265,0.2341569
121,0.5291809,0.2371456,0.2336734
122,0.519719,0.245048,0.235233
123,0.5248784,0.2338874,0.2412341
124,0.5302032,0.2217176,0.2480793
125,0.5061707,0.2475363,0.2462929
126,0.4804463,0.2758794,0.2436743
127,0.4867559,0.262228,0.2510161
128,0.5059083,0.2306383,0.2634535
129,0.5080695,0.2206347,0.2712958
130,0.3452825,0.4413139,0.2134036
131,0.3933606,0.3892757,0.2173637
132,0.4608885,0.3200845,0.2190269
133,0.4914069,0.2949337,0.2136595
134,0.5221761,0.2659709,0.2118529
135,0.5447686,0.2441172,0.2111142
136,0.5534132,0.237852,0.2087348
137,0.5599017,0.2329176,0.2071807
138,0.5673438,0.2257199,0.2069363
139,0.5622303,0.2337513,0.2040183
140,0.5671379,0.2291299,0.2037323
141,0.5630671,0.2357509,0.201182
142,0.5601739,0.2413631,0.198463
143,0.5682158,0.2335739,0.1982102
144,0.5711561,0.2320559,0.196788
145,0.5999231,0.1977198,0.2023571
146,0.625563,0.166032,0.208405
147,0.62921,0.1601692,0.2106208
148,0.6217905,0.1661499,0.2120597
149,0.614275,0.1706292,0.2150957
150,0.6100398,0.1698087,0.2201516
151,0.6024281,0.1721018,0.2254701
152,0.584464,0.1863782,0.2291578
153,0.574286,0.1900596,0.2356544
154,0.5668945,0.1895164,0.243589
155,0.4836672,0.2882272,0.2281057
156,0.4673229,0.3055326,0.2271446
157,0.4636743,0.314577,0.2217487
158,0.47736,0.3060796,0.2165604
159,0.4993446,0.2878124,0.212843
160,0.5223715,0.2667488,0.2108797
161,0.5389107,0.2521348,0.2089545
162,0.542339,0.2530529,0.2046081
163,0.5845185,0.2027739,0.2127076
164,0.6067061,0.1754487,0.2178452
165,0.6216561,0.1552002,0.2231437
166,0.623967,0.1484061,0.2276269
167,0.630504,0.1338161,0.2356799
168,0.6389114,0.1144989,0.2465896
169,0.5717704,0.1875048,0.2407248
170,0.4976224,0.2667946,0.2355831
171,0.450428,0.317296,0.2322761
172,0.4807943,0.2716953,0.2475105
173,0.4931276,0.2514529,0.2554195
174,0.5164946,0.2148358,0.2686696
175,0.5397025,0.1759014,0.2843961
176,0.5573141,0.1423792,0.3003067
177,0.2658126,0.5477488,0.1864385
178,0.3662756,0.4195344,0.21419
179,0.4624037,0.3177468,0.2198495
180,0.5113747,0.2670584,0.2215669
181,0.5370679,0.2420952,0.2208369
182,0.5515749,0.2282156,0.2202095
183,0.5578181,0.2224062,0.2197757
184,0.5465701,0.2374974,0.2159326
185,0.5466522,0.237877,0.2154708
186,0.5390688,0.2482596,0.2126717
187,0.532418,0.2586154,0.2089666
188,0.5392954,0.2528787,0.2078259
189,0.5464237,0.2470883,0.206488
190,0.5834872,0.2022355,0.2142773
191,0.5997505,0.1817351,0.2185143
192,0.6007014,0.1786375,0.2206611
193,0.5984598,0.1775451,0.223995
194,0.5930532,0.1786324,0.2283144
195,0.5369657,0.2427539,0.2202804
196,0.5405459,0.2321906,0.2272635
197,0.5216486,0.252303,0.2260484
198,0.4990627,0.2801879,0.2207494
199,0.5005819,0.280534,0.2188841
200,0.5178939,0.2618895,0.2202166
201,0.5387465,0.2378055,0.223448
202,0.5601607,0.2110557,0.2287835
203,0.5878257,0.1736955,0.2384788
204,0.6104861,0.1401938,0.24932
205,0.6250433,0.1146575,0.2602992
206,0.6401112,0.08606388,0.2738249
207,0.6374316,0.07759254,0.2849758
208,0.6251541,0.07684881,0.297997
209,0.5276938,0.1837793,0.2885269
210,0.3557017,0.3898414,0.2544569
211,0.2954383,0.448983,0.2555788
212,0.3153389,0.4097511,0.2749101
213,0.3001211,0.4392783,0.2606007
214,0.2669692,0.5162321,0.2167987
215,0.3811255,0.3960914,0.2227831
216,0.4513056,0.3307902,0.2179041
217,0.5036702,0.278875,0.2174547
218,0.5238379,0.2634573,0.2127048
219,0.5405693,0.2494023,0.2100284
220,0.5526182,0.2389962,0.2083856
221,0.5563296,0.2377352,0.2059352
222,0.5531697,0.2446129,0.2022175
223,0.5597502,0.2391817,0.2010681
224,0.5666142,0.2331068,0.200279
225,0.5673772,0.2344719,0.198151
226,0.5701126,0.2333444,0.196543
227,0.5876487,0.2134003,0.198951
228,0.5921816,0.2089304,0.198888
229,0.6060767,0.1921769,0.2017464
230,0.6146172,0.1811444,0.2042383
231,0.6214716,0.1711969,0.2073315
232,0.5988456,0.196616,0.2045384
233,0.597506,0.1954775,0.2070165
234,0.5947759,0.1960187,0.2092055
235,0.5825197,0.2085381,0.2089423
236,0.5669486,0.2258956,0.2071558
237,0.5519987,0.2440889,0.2039125
238,0.5615731,0.2330212,0.2054057
239,0.5673396,0.2270247,0.2056357
240,0.5796097,0.2126125,0.2077778
241,0.5819637,0.2099832,0.208053
242,0.5927358,0.1960439,0.2112202
243,0.5892804,0.1989996,0.2117201
244,0.5824686,0.2055766,0.2119549
245,0.5766348,0.2107176,0.2126476
246,0.5896464,0.191864,0.2184896
247,0.5908102,0.1870307,0.2221591
248,0.5942332,0.178178,0.2275888
249,0.6021395,0.1620758,0.2357847
250,0.4941751,0.292861,0.2129638
251,0.4832216,0.3064771,0.2103013
252,0.5042793,0.2858074,0.2099134
253,0.5269172,0.2636488,0.209434
254,0.5499998,0.2395619,0.2104384
255,0.5773481,0.2078864,0.2147655
256,0.5907943,0.1917151,0.2174906
257,0.5836555,0.1997296,0.2166149
258,0.5351663,0.2595176,0.2053161
259,0.5407107,0.2538836,0.2054056
260,0.553353,0.2401964,0.2064507
261,0.5586032,0.2359596,0.2054371
262,0.5569462,0.2405266,0.2025272
263,0.5595201,0.2399601,0.2005198
264,0.5834652,0.2120124,0.2045223
265,0.5947154,0.1988305,0.2064542
266,0.6023393,0.1890844,0.2085763
267,0.6000373,0.1905666,0.2093962
268,0.5822142,0.2106812,0.2071045
269,0.6038831,0.1812146,0.2149024
270,0.6113963,0.1684485,0.2201552
271,0.6090741,0.166623,0.2243029
272,0.6103771,0.158541,0.2310818
273,0.6159954,0.1431927,0.2408119
274,0.611995,0.1379094,0.2500955
275,0.6112271,0.126129,0.2626438
276,0.571717,0.1614174,0.2668657
277,0.5362105,0.1880193,0.2757701
278,0.3474099,0.429531,0.223059
279,0.3433056,0.4304723,0.2262221
280,0.404854,0.3656387,0.2295073
281,0.4534537,0.3181211,0.2284251
282,0.4879742,0.2853488,0.226677
283,0.5049026,0.2726845,0.222413
284,0.5226596,0.2564861,0.2208541
285,0.5210931,0.2638638,0.2150431
286,0.5352157,0.2503452,0.2144391
287,0.5470231,0.2385369,0.21444
288,0.5449111,0.2437704,0.2113185
289,0.5583141,0.2287459,0.2129399
290,0.5750489,0.2082217,0.2167294
291,0.5776374,0.2042578,0.2181048
292,0.5662884,0.2168835,0.2168281
293,0.5542426,0.2301887,0.2155687
294,0.5348513,0.2538801,0.2112685
295,0.5211979,0.2730747,0.2057274
296,0.5325559,0.2629334,0.2045106
297,0.5502822,0.2447808,0.204937
298,0.5567978,0.2402504,0.2029518
299,0.5659668,0.2318264,0.2022068
300,0.5672823,0.2326965,0.2000212
301,0.5755898,0.2244233,0.1999868
302,0.5803487,0.2200538,0.1995975
303,0.5746096,0.2285241,0.1968664
304,0.6095019,0.1858926,0.2046055
305,0.6271439,0.1635345,0.2093216
306,0.636561,0.1499407,0.2134984
307,0.6414091,0.1401314,0.2184595
308,0.6395212,0.1365603,0.2239184
309,0.6302047,0.1399347,0.2298607
310,0.5752906,0.1980246,0.2266848
311,0.5407141,0.2302572,0.2290286
312,0.5135266,0.2564214,0.2300519
313,0.5042675,0.2632982,0.2324342
314,0.4986571,0.268479,0.2328638
315,0.4854796,0.2866003,0.2279201
316,0.485675,0.2903633,0.2239618
317,0.500937,0.2758864,0.2231767
318,0.5128843,0.2655869,0.2215287
319,0.5311639,0.2459787,0.2228574
320,0.5153327,0.2702053,0.214462
321,0.5120838,0.2799652,0.2079511
322,0.5220251,0.2739944,0.2039804
323,0.5607231,0.2298971,0.2093798
324,0.5769344,0.2121678,0.2108978
325,0.5963707,0.1886079,0.2150213
326,0.6110877,0.1690067,0.2199056
327,0.6267757,0.1461317,0.2270927
328,0.6335736,0.1321169,0.2343095
329,0.615345,0.1466145,0.2380405
330,0.5831942,0.1756075,0.2411984
331,0.5468651,0.2080912,0.2450436
332,0.5028732,0.2510431,0.2460838
333,0.4562991,0.301165,0.2425359
334,0.4110866,0.3586251,0.2302884
335,0.4532213,0.3055895,0.2411893
336,0.4653293,0.2942335,0.2404371
337,0.4733118,0.2887964,0.2378919
338,0.4787994,0.2864743,0.2347263
339,0.4922216,0.2729031,0.2348753
340,0.5100354,0.2518033,0.2381613
341,0.494223,0.274295,0.2314819
342,0.4552654,0.3306285,0.214106
343,0.4950918,0.2880806,0.2168275
344,0.5191536,0.264193,0.2166534
345,0.5400985,0.2424869,0.2174146
346,0.5570018,0.2238204,0.2191779
347,0.5649297,0.2146803,0.22039
348,0.5550631,0.2268417,0.2180952
349,0.5527168,0.2288934,0.2183898
350,0.5407076,0.2433456,0.2159469
351,0.5358639,0.249666,0.2144701
352,0.5357482,0.2510032,0.2132486
353,0.5434392,0.2429266,0.2136342
354,0.5645491,0.2170539,0.2183969
355,0.5659112,0.2150676,0.2190213
356,0.5683603,0.2106178,0.2210219
357,0.5747893,0.199823,0.2253877
358,0.5570116,0.2187223,0.2242661
359,0.5410596,0.2351884,0.2237521
360,0.5252849,0.2525163,0.2221988
361,0.522926,0.2543186,0.2227554
362,0.532568,0.2414017,0.2260303
363,0.5347285,0.2379791,0.2272924
364,0.5372834,0.2335825,0.2291342
365,0.5556692,0.2073648,0.2369659
366,0.5213911,0.2483965,0.2302125
367,0.5139409,0.2550961,0.230963
368,0.5195562,0.2452894,0.2351544
369,0.5164127,0.2469665,0.2366208
370,0.5064301,0.257807,0.235763
371,0.5098417,0.2511246,0.2390337
372,0.4982235,0.2644237,0.2373528
373,0.4964704,0.2652103,0.2383194
374,0.4763876,0.2916962,0.2319162
375,0.4962954,0.2663918,0.2373128
376,0.5095864,0.2488517,0.2415619
377,0.4953596,0.2672302,0.2374102
378,0.4948232,0.2674785,0.2376985
379,0.4985067,0.2619375,0.2395558
380,0.5187727,0.2331217,0.2481055
381,0.522586,0.2242329,0.2531811
382,0.4949569,0.2557057,0.2493374
383,0.4956385,0.2479799,0.2563816
384,0.4837596,0.2566871,0.2595533
385,0.4542588,0.2895305,0.2562108
386,0.4563043,0.2792155,0.2644803
387,0.4453241,0.2876546,0.2670213
388,0.3723071,0.3872321,0.2404608
389,0.352747,0.4237593,0.2234937
390,0.4230024,0.3476423,0.2293554
391,0.4606964,0.3131798,0.2261238
392,0.4968004,0.2770527,0.226147
393,0.5283301,0.2424978,0.2291721
394,0.5263042,0.2489352,0.2247606
395,0.5413044,0.2313469,0.2273487
396,0.5541417,0.2142813,0.231577
